0.0
0.0
0.0
0.0
0.0
0.0
0.0
0.0
0.0
0.0
0.0
0.0
0.0
0.0
0.0
0.0
0.0
0.0
0.0
0.0
0.0
0.0
0.0
0.0
0.0
0.0
0.0
0.0
0.0
0.0
0.0
0.0
0.0
0.0
0.0
0.0
0.0
0.0
0.0
0.0
0.0
0.0
0.0
0.0
0.0
0.0
0.0
0.0
0.0
0.0
0.0
0.0
0.0
0.0
0.0
0.0
0.0
0.0
0.0
0.0
0.0
0.0
0.0
0.0
0.0
0.0
0.0
0.0
0.0
0.0
0.0
0.0
0.0
0.0
0.0
0.0
0.0
0.0
0.0
0.0
0.0
0.0
0.0
0.0
0.0
0.0
0.0
0.0
0.0
0.0
0.0
0.0
0.0
0.0
0.0
0.0
0.0
0.0
0.0
0.0
0.0
0.0
0.0
0.0
0.0
0.0
0.0
0.0
0.0
0.0
0.0
0.0
0.0
0.0
0.0
0.0
0.0
0.0
0.0
0.0
0.0
0.0
0.0
0.0
0.0
0.0
0.0
0.0
0.0
0.0
0.0
0.0
0.0
0.0
0.0
0.0
0.0
0.0
0.0
0.0
0.0
0.0
0.0
0.0
0.0
0.0
0.0
0.0
0.0
0.0
0.0
0.0
0.0
0.0
0.0
0.0
0.0
0.0
0.0
0.0
0.0
0.0
0.0
0.0
0.0
0.0
0.0
0.0
0.0
0.0
0.0
0.0
0.0
0.0
0.0
0.0
0.0
0.0
0.0
0.0
0.0
0.0
0.0
0.0
0.0
0.0
0.0
0.0
0.0
0.0
0.0
0.000204397700299
0.000613193100896
0.00122638620179
0.00204397700299
0.00306596550448
0.00429235170627
0.00572313560836
0.00735831721075
0.00919789651344
0.0112418735164
0.0134902482197
0.0159430206233
0.0186001907272
0.0214617585314
0.0245277240358
0.0277980872406
0.0312728481457
0.0349520067511
0.0388355630567
0.0429235170627
0.047215868769
0.0517126181756
0.0564137652824
0.0613193100896
0.0664292525971
0.0717435928048
0.0772623307129
0.0829854663212
0.0889129996299
0.0948405329386
0.100768066247
0.106695599556
0.112623132865
0.118550666173
0.124478199482
0.130405732791
0.136333266099
0.142260799408
0.148188332716
0.154115866025
0.160043399334
0.165970932642
0.171898465951
0.17782599926
0.183753532568
0.189681065877
0.195608599186
0.201536132494
0.207463665803
0.213391199112
0.21931873242
0.225246265729
0.231173799038
0.237101332346
0.243028865655
0.248956398964
0.254883932272
0.260811465581
0.26673899889
0.272666532198
0.278594065507
0.284521598816
0.290449132124
0.296376665433
0.302304198742
0.30823173205
0.314159265359
0.320086798668
0.326014331976
0.331941865285
0.337869398594
0.343796931902
0.349724465211
0.35565199852
0.361579531828
0.367507065137
0.373434598446
0.379362131754
0.385289665063
0.391217198372
0.39714473168
0.403072264989
0.408999798298
0.414927331606
0.420854864915
0.426782398224
0.432709931532
0.438637464841
0.444564998149
0.450492531458
0.456420064767
0.462347598075
0.468275131384
0.474202664693
0.480130198001
0.48605773131
0.491985264619
0.497912797927
0.503840331236
0.509767864545
0.515695397853
0.521622931162
0.527550464471
0.533477997779
0.539405531088
0.545333064397
0.551260597705
0.557188131014
0.563115664323
0.569043197631
0.57497073094
0.580898264249
0.586825797557
0.592753330866
0.598680864175
0.604608397483
0.610535930792
0.616463464101
0.622390997409
0.628318530718
0.634246064027
0.640173597335
0.646101130644
0.652028663953
0.657956197261
0.66388373057
0.669811263879
0.675738797187
0.681666330496
0.687593863805
0.693521397113
0.699448930422
0.705376463731
0.711303997039
0.717231530348
0.723159063657
0.729086596965
0.735014130274
0.740941663582
0.746869196891
0.7527967302
0.758724263508
0.764651796817
0.770579330126
0.776506863434
0.782434396743
0.788361930052
0.79428946336
0.800216996669
0.806144529978
0.812072063286
0.817999596595
0.823927129904
0.829854663212
0.835782196521
0.84170972983
0.847637263138
0.853564796447
0.859492329756
0.865419863064
0.871347396373
0.877274929682
0.88320246299
0.889129996299
0.895057529608
0.900985062916
0.906912596225
0.912840129534
0.918767662842
0.924695196151
0.93062272946
0.936550262768
0.942477796077
0.948405329386
0.954332862694
0.960260396003
0.966187929312
0.97211546262
0.978042995929
0.983970529238
0.989898062546
0.995825595855
1.00175312916
1.00768066247
1.01360819578
1.01953572909
1.0254632624
1.03139079571
1.03731832902
1.04324586232
1.04917339563
1.05510092894
1.06102846225
1.06695599556
1.07288352887
1.07881106218
1.08473859548
1.09066612879
1.0965936621
1.10252119541
1.10844872872
1.11437626203
1.12030379534
1.12623132865
1.13215886195
1.13808639526
1.14401392857
1.14994146188
1.15586899519
1.1617965285
1.16772406181
1.17365159511
1.17957912842
1.18550666173
1.19143419504
1.19736172835
1.20328926166
1.20921679497
1.21514432828
1.22107186158
1.22699939489
1.2329269282
1.23885446151
1.24478199482
1.25070952813
1.25663706144
1.26256459474
1.26849212805
1.27441966136
1.28034719467
1.28627472798
1.29220226129
1.2981297946
1.30405732791
1.30998486121
1.31591239452
1.32183992783
1.32776746114
1.33369499445
1.33962252776
1.34555006107
1.35147759437
1.35740512768
1.36333266099
1.3692601943
1.37518772761
1.38111526092
1.38704279423
1.39297032754
1.39889786084
1.40482539415
1.41075292746
1.41668046077
1.42260799408
1.42853552739
1.4344630607
1.440390594
1.44631812731
1.45224566062
1.45817319393
1.46410072724
1.47002826055
1.47595579386
1.48188332716
1.48781086047
1.49373839378
1.49966592709
1.5055934604
1.51152099371
1.51744852702
1.52337606033
1.52930359363
1.53523112694
1.54115866025
1.54708619356
1.55301372687
1.55894126018
1.56486879349
1.57079632679
1.5767238601
1.58265139341
1.58857892672
1.59450646003
1.60043399334
1.60636152665
1.61228905996
1.61821659326
1.62414412657
1.63007165988
1.63599919319
1.6419267265
1.64785425981
1.65378179312
1.65970932642
1.66563685973
1.67156439304
1.67749192635
1.68341945966
1.68934699297
1.69527452628
1.70120205959
1.70712959289
1.7130571262
1.71898465951
1.72491219282
1.73083972613
1.73676725944
1.74269479275
1.74862232605
1.75454985936
1.76047739267
1.76640492598
1.77233245929
1.7782599926
1.78418752591
1.79011505922
1.79604259252
1.80197012583
1.80789765914
1.81382519245
1.81975272576
1.82568025907
1.83160779238
1.83753532568
1.84346285899
1.8493903923
1.85531792561
1.86124545892
1.86717299223
1.87310052554
1.87902805885
1.88495559215
1.89088312546
1.89681065877
1.90273819208
1.90866572539
1.9145932587
1.92052079201
1.92644832531
1.93237585862
1.93830339193
1.94423092524
1.95015845855
1.95608599186
1.96201352517
1.96794105848
1.97386859178
1.97979612509
1.9857236584
1.99165119171
1.99757872502
2.00350625833
2.00943379164
2.01536132494
2.02128885825
2.02721639156
2.03314392487
2.03907145818
2.04499899149
2.0509265248
2.05685405811
2.06278159141
2.06870912472
2.07463665803
2.08056419134
2.08649172465
2.09241925796
2.09834679127
2.10427432457
2.11020185788
2.11612939119
2.1220569245
2.12798445781
2.13391199112
2.13983952443
2.14576705773
2.15169459104
2.15762212435
2.16354965766
2.16947719097
2.17540472428
2.18133225759
2.1872597909
2.1931873242
2.19911485751
2.20504239082
2.21096992413
2.21689745744
2.22282499075
2.22875252406
2.23468005736
2.24060759067
2.24653512398
2.25246265729
2.2583901906
2.26431772391
2.27024525722
2.27617279053
2.28210032383
2.28802785714
2.29395539045
2.29988292376
2.30581045707
2.31173799038
2.31766552369
2.32359305699
2.3295205903
2.33544812361
2.34137565692
2.34730319023
2.35323072354
2.35915825685
2.36508579016
2.37101332346
2.37694085677
2.38286839008
2.38879592339
2.3947234567
2.40065099001
2.40657852332
2.41250605662
2.41843358993
2.42436112324
2.43028865655
2.43621618986
2.44214372317
2.44807125648
2.45399878979
2.45992632309
2.4658538564
2.47178138971
2.47770892302
2.48363645633
2.48956398964
2.49549152295
2.50141905625
2.50734658956
2.51327412287
2.51920165618
2.52512918949
2.5310567228
2.53698425611
2.54291178942
2.54883932272
2.55476685603
2.56069438934
2.56662192265
2.57254945596
2.57847698927
2.58440452258
2.59033205588
2.59625958919
2.6021871225
2.60811465581
2.61404218912
2.61996972243
2.62589725574
2.63182478905
2.63775232235
2.64367985566
2.64960738897
2.65553492228
2.66146245559
2.6673899889
2.67331752221
2.67924505551
2.68517258882
2.69110012213
2.69702765544
2.70295518875
2.70888272206
2.71481025537
2.72073778867
2.72666532198
2.73259285529
2.7385203886
2.74444792191
2.75037545522
2.75630298853
2.76223052184
2.76815805514
2.77408558845
2.78001312176
2.78594065507
2.79186818838
2.79779572169
2.803723255
2.8096507883
2.81557832161
2.82150585492
2.82743338823
2.83336092154
2.83928845485
2.84521598816
2.85114352147
2.85707105477
2.86299858808
2.86892612139
2.8748536547
2.88078118801
2.88670872132
2.89263625463
2.89856378793
2.90449132124
2.91041885455
2.91634638786
2.92227392117
2.92820145448
2.93412898779
2.9400565211
2.9459840544
2.95191158771
2.95783912102
2.96376665433
2.96969418764
2.97562172095
2.98154925426
2.98747678756
2.99340432087
2.99933185418
3.00525938749
3.0111869208
3.01711445411
3.02304198742
3.02896952073
3.03489705403
3.04082458734
3.04675212065
3.05267965396
3.05860718727
3.06433032288
3.06984906078
3.07516340099
3.0802733435
3.08517888831
3.08988003541
3.09437678482
3.09866913653
3.10275709053
3.10664064684
3.11031980544
3.11379456635
3.11706492955
3.12013089506
3.12299246286
3.12564963297
3.12810240537
3.13035078007
3.13239475708
3.13423433638
3.13586951798
3.13730030188
3.13852668809
3.13954867659
3.14036626739
3.14097946049
3.14138825589
3.14159265359
3.14159265359
3.14159265359
3.14159265359
3.14159265359
3.14159265359
3.14159265359
3.14159265359
3.14159265359
3.14159265359
3.14159265359
3.14159265359
3.14159265359
3.14159265359
3.14159265359
3.14159265359
3.14159265359
3.14159265359
3.14159265359
3.14159265359
3.14159265359
3.14159265359
3.14159265359
3.14159265359
3.14159265359
3.14159265359
3.14159265359
3.14159265359
3.14159265359
3.14159265359
3.14159265359
3.14159265359
3.14159265359
3.14159265359
3.14159265359
3.14159265359
3.14159265359
3.14159265359
3.14159265359
3.14159265359
3.14159265359
3.14159265359
3.14159265359
3.14159265359
3.14159265359
3.14159265359
3.14159265359
3.14159265359
3.14159265359
3.14159265359
3.14159265359
3.14159265359
3.14159265359
3.14159265359
3.14159265359
3.14159265359
3.14159265359
3.14159265359
3.14159265359
3.14159265359
3.14159265359
3.14159265359
3.14159265359
3.14159265359
3.14159265359
3.14159265359
3.14159265359
3.14159265359
3.14159265359
3.14159265359
3.14159265359
3.14159265359
3.14159265359
3.14159265359
3.14159265359
3.14159265359
3.14159265359
3.14159265359
3.14159265359
3.14159265359
3.14159265359
3.14159265359
3.14159265359
3.14159265359
3.14159265359
3.14159265359
3.14159265359
3.14159265359
3.14159265359
3.14159265359
3.14159265359
3.14159265359
3.14159265359
3.14159265359
3.14159265359
3.14159265359
3.14159265359
3.14159265359
3.14159265359
3.14159265359
3.14159265359
3.14159265359
3.14159265359
3.14159265359
3.14159265359
3.14159265359
3.14159265359
3.14159265359
3.14159265359
3.14159265359
3.14159265359
3.14159265359
3.14159265359
3.14159265359
3.14159265359
3.14159265359
3.14159265359
3.14159265359
3.14159265359
3.14159265359
3.14159265359
3.14159265359
3.14159265359
3.14159265359
3.14159265359
3.14159265359
3.14159265359
3.14159265359
3.14159265359
3.14159265359
3.14159265359
3.14159265359
3.14159265359
3.14159265359
3.14159265359
3.14159265359
3.14159265359
3.14159265359
3.14159265359
3.14159265359
3.14159265359
3.14159265359
3.14159265359
3.14159265359
3.14159265359
3.14159265359
3.14159265359
3.14159265359
3.14159265359
3.14159265359
3.14159265359
3.14159265359
3.14159265359
3.14159265359
3.14159265359
3.14159265359
3.14159265359
3.14159265359
3.14159265359
3.14159265359
3.14159265359
3.14159265359
3.14159265359
3.14159265359
3.14159265359
3.14159265359
3.14159265359
3.14159265359
3.14159265359
3.14159265359
3.14159265359
3.14159265359
3.14159265359
3.14159265359
3.14159265359
3.14159265359
3.14159265359
3.14159265359
3.14159265359
3.14159265359
3.14159265359
3.14159265359
3.14159265359
3.14159265359
3.14159265359
3.14159265359
3.14159265359
3.14159265359
3.14159265359
3.14159265359
3.14159265359
3.14159265359
3.14159265359
3.14159265359
3.14159265359
3.14159265359
3.14159265359
3.14159265359
3.14159265359
3.14159265359
3.14159265359
3.14159265359
3.14159265359
3.14159265359
3.14159265359
3.14159265359
3.14159265359
3.14159265359
3.14159265359
3.14159265359
3.14159265359
3.14159265359
3.14159265359
3.14159265359
3.14159265359
3.14159265359
3.14159265359
3.14159265359
3.14159265359
3.14159265359
3.14159265359
3.14159265359
3.14159265359
3.14159265359
3.14159265359
3.14159265359
3.14159265359
3.14159265359
3.14159265359
3.14159265359
3.14159265359
3.14159265359
3.14159265359
3.14159265359
3.14159265359
3.14159265359
3.14159265359
3.14159265359
3.14159265359
3.14159265359
3.14159265359
3.14159265359
3.14159265359
3.14159265359
3.14159265359
3.14159265359
3.14159265359
3.14159265359
3.14159265359
3.14159265359
3.14159265359
3.14159265359
3.14159265359
3.14159265359
3.14159265359
3.14159265359
3.14159265359
3.14159265359
3.14159265359
3.14159265359
3.14159265359
3.14159265359
3.14159265359
3.14159265359
3.14159265359
3.14159265359
3.14159265359
3.14159265359
3.14159265359
3.14159265359
3.14159265359
3.14159265359
3.14159265359
3.14159265359
3.14159265359
3.14159265359
3.14159265359
3.14159265359
3.14159265359
3.14159265359
3.14159265359
3.14159265359
3.14159265359
3.14159265359
3.14159265359
3.14159265359
3.14159265359
3.14159265359
3.14159265359
3.14159265359
3.14159265359
3.14159265359
3.14159265359
3.14159265359
3.14159265359
3.14159265359
3.14159265359
3.14159265359
3.14159265359
3.14159265359
3.14159265359
3.14159265359
3.14159265359
3.14159265359
3.14159265359
3.14159265359
3.14159265359
3.14159265359
3.14159265359
3.14159265359
3.14159265359
3.14159265359
3.14159265359
3.14159265359
3.14159265359
3.14159265359
3.14159265359
3.14159265359
3.14159265359
3.14159265359
3.14159265359
3.14159265359
3.14159265359
3.14159265359
3.14159265359
3.14159265359
3.14159265359
3.14159265359
3.14159265359
3.14159265359
3.14159265359
3.14159265359
3.14159265359
3.14159265359
3.14159265359
3.14159265359
3.14159265359
3.14159265359
3.14159265359
3.14159265359
3.14159265359
3.14159265359
3.14159265359
3.14159265359
3.14159265359
3.14159265359
3.14159265359
3.14159265359
3.14159265359
3.14159265359
3.14159265359
3.14159265359
3.14159265359
3.14159265359
3.14159265359
3.14159265359
3.14159265359
3.14159265359
3.14159265359
3.14159265359
3.14159265359
3.14159265359
3.14159265359
3.14159265359
3.14159265359
3.14159265359
3.14159265359
3.14159265359
3.14159265359
3.14159265359
3.14159265359
3.14159265359
3.14159265359
3.14159265359
3.14159265359
3.14159265359
3.14159265359
3.14159265359
3.14159265359
3.14159265359
3.14159265359
3.14159265359
3.14159265359
3.14159265359
3.14159265359
3.14159265359
3.14159265359
3.14159265359
3.14159265359
3.14159265359
3.14159265359
3.14159265359
3.14159265359
3.14159265359
3.14159265359
3.14159265359
3.14159265359
3.14159265359
3.14159265359
3.14159265359
3.14159265359
3.14159265359
3.14159265359
3.14159265359
3.14159265359
3.14159265359
3.14159265359
3.14159265359
3.14159265359
3.14159265359
3.14159265359
3.14159265359
3.14159265359
3.14159265359
3.14159265359
3.14159265359
3.14159265359
3.14159265359
3.14159265359
3.14159265359
3.14159265359
3.14159265359
3.14159265359
3.14159265359
3.14159265359
3.14159265359
3.14159265359
3.14159265359
3.14159265359
3.14159265359
3.14159265359
3.14159265359
3.14159265359
3.14159265359
3.14159265359
3.14159265359
3.14159265359
3.14159265359
3.14159265359
3.14159265359
3.14159265359
3.14159265359
3.14159265359
3.14159265359
3.14159265359
3.14159265359
3.14159265359
3.14159265359
3.14159265359
3.14159265359
3.14159265359
3.14159265359
3.14159265359
3.14159265359
3.14159265359
3.14159265359
3.14159265359
3.14159265359
3.14159265359
3.14159265359
3.14159265359
3.14159265359
3.14159265359
3.14159265359
3.14159265359
3.14159265359
3.14159265359
3.14159265359
3.14159265359
3.14159265359
3.14159265359
3.14159265359
3.14159265359
3.14159265359
3.14159265359
3.14159265359
3.14159265359
3.14159265359
3.14159265359
3.14159265359
3.14159265359
3.14159265359
3.14159265359
3.14159265359
3.14159265359
3.14159265359
3.14159265359
3.14159265359
3.14159265359
3.14159265359
3.14159265359
3.14159265359
3.14159265359
3.14159265359
3.14159265359
3.14159265359
3.14159265359
3.14159265359
3.14159265359
3.14159265359
3.14159265359
3.14159265359
3.14159265359
3.14138825589
3.14097946049
3.14036626739
3.13954867659
3.13852668809
3.13730030188
3.13586951798
3.13423433638
3.13239475708
3.13035078007
3.12810240537
3.12564963297
3.12299246286
3.12013089506
3.11706492955
3.11379456635
3.11031980544
3.10664064684
3.10275709053
3.09866913653
3.09437678482
3.08988003541
3.08517888831
3.0802733435
3.07516340099
3.06984906078
3.06433032288
3.05860718727
3.05267965396
3.04675212065
3.04082458734
3.03489705403
3.02896952073
3.02304198742
3.01711445411
3.0111869208
3.00525938749
2.99933185418
2.99340432087
2.98747678756
2.98154925426
2.97562172095
2.96969418764
2.96376665433
2.95783912102
2.95191158771
2.9459840544
2.9400565211
2.93412898779
2.92820145448
2.92227392117
2.91634638786
2.91041885455
2.90449132124
2.89856378793
2.89263625463
2.88670872132
2.88078118801
2.8748536547
2.86892612139
2.86299858808
2.85707105477
2.85114352147
2.84521598816
2.83928845485
2.83336092154
2.82743338823
2.82150585492
2.81557832161
2.8096507883
2.803723255
2.79779572169
2.79186818838
2.78594065507
2.78001312176
2.77408558845
2.76815805514
2.76223052184
2.75630298853
2.75037545522
2.74444792191
2.7385203886
2.73259285529
2.72666532198
2.72073778867
2.71481025537
2.70888272206
2.70295518875
2.69702765544
2.69110012213
2.68517258882
2.67924505551
2.67331752221
2.6673899889
2.66146245559
2.65553492228
2.64960738897
2.64367985566
2.63775232235
2.63182478905
2.62589725574
2.61996972243
2.61404218912
2.60811465581
2.6021871225
2.59625958919
2.59033205588
2.58440452258
2.57847698927
2.57254945596
2.56662192265
2.56069438934
2.55476685603
2.54883932272
2.54291178942
2.53698425611
2.5310567228
2.52512918949
2.51920165618
2.51327412287
2.50734658956
2.50141905625
2.49549152295
2.48956398964
2.48363645633
2.47770892302
2.47178138971
2.4658538564
2.45992632309
2.45399878979
2.44807125648
2.44214372317
2.43621618986
2.43028865655
2.42436112324
2.41843358993
2.41250605662
2.40657852332
2.40065099001
2.3947234567
2.38879592339
2.38286839008
2.37694085677
2.37101332346
2.36508579016
2.35915825685
2.35323072354
2.34730319023
2.34137565692
2.33544812361
2.3295205903
2.32359305699
2.31766552369
2.31173799038
2.30581045707
2.29988292376
2.29395539045
2.28802785714
2.28210032383
2.27617279053
2.27024525722
2.26431772391
2.2583901906
2.25246265729
2.24653512398
2.24060759067
2.23468005736
2.22875252406
2.22282499075
2.21689745744
2.21096992413
2.20504239082
2.19911485751
2.1931873242
2.1872597909
2.18133225759
2.17540472428
2.16947719097
2.16354965766
2.15762212435
2.15169459104
2.14576705773
2.13983952443
2.13391199112
2.12798445781
2.1220569245
2.11612939119
2.11020185788
2.10427432457
2.09834679127
2.09241925796
2.08649172465
2.08056419134
2.07463665803
2.06870912472
2.06278159141
2.05685405811
2.0509265248
2.04499899149
2.03907145818
2.03314392487
2.02721639156
2.02128885825
2.01536132494
2.00943379164
2.00350625833
1.99757872502
1.99165119171
1.9857236584
1.97979612509
1.97386859178
1.96794105848
1.96201352517
1.95608599186
1.95015845855
1.94423092524
1.93830339193
1.93237585862
1.92644832531
1.92052079201
1.9145932587
1.90866572539
1.90273819208
1.89681065877
1.89088312546
1.88495559215
1.87902805885
1.87310052554
1.86717299223
1.86124545892
1.85531792561
1.8493903923
1.84346285899
1.83753532568
1.83160779238
1.82568025907
1.81975272576
1.81382519245
1.80789765914
1.80197012583
1.79604259252
1.79011505922
1.78418752591
1.7782599926
1.77233245929
1.76640492598
1.76047739267
1.75454985936
1.74862232605
1.74269479275
1.73676725944
1.73083972613
1.72491219282
1.71898465951
1.7130571262
1.70712959289
1.70120205959
1.69527452628
1.68934699297
1.68341945966
1.67749192635
1.67156439304
1.66563685973
1.65970932642
1.65378179312
1.64785425981
1.6419267265
1.63599919319
1.63007165988
1.62414412657
1.61821659326
1.61228905996
1.60636152665
1.60043399334
1.59450646003
1.58857892672
1.58265139341
1.5767238601
1.57079632679
1.56486879349
1.55894126018
1.55301372687
1.54708619356
1.54115866025
1.53523112694
1.52930359363
1.52337606033
1.51744852702
1.51152099371
1.5055934604
1.49966592709
1.49373839378
1.48781086047
1.48188332716
1.47595579386
1.47002826055
1.46410072724
1.45817319393
1.45224566062
1.44631812731
1.440390594
1.4344630607
1.42853552739
1.42260799408
1.41668046077
1.41075292746
1.40482539415
1.39889786084
1.39297032754
1.38704279423
1.38111526092
1.37518772761
1.3692601943
1.36333266099
1.35740512768
1.35147759437
1.34555006107
1.33962252776
1.33369499445
1.32776746114
1.32183992783
1.31591239452
1.30998486121
1.30405732791
1.2981297946
1.29220226129
1.28627472798
1.28034719467
1.27441966136
1.26849212805
1.26256459474
1.25663706144
1.25070952813
1.24478199482
1.23885446151
1.2329269282
1.22699939489
1.22107186158
1.21514432828
1.20921679497
1.20328926166
1.19736172835
1.19143419504
1.18550666173
1.17957912842
1.17365159511
1.16772406181
1.1617965285
1.15586899519
1.14994146188
1.14401392857
1.13808639526
1.13215886195
1.12623132865
1.12030379534
1.11437626203
1.10844872872
1.10252119541
1.0965936621
1.09066612879
1.08473859548
1.07881106218
1.07288352887
1.06695599556
1.06102846225
1.05510092894
1.04917339563
1.04324586232
1.03731832902
1.03139079571
1.0254632624
1.01953572909
1.01360819578
1.00768066247
1.00175312916
0.995825595855
0.989898062546
0.983970529238
0.978042995929
0.97211546262
0.966187929312
0.960260396003
0.954332862694
0.948405329386
0.942477796077
0.936550262768
0.93062272946
0.924695196151
0.918767662842
0.912840129534
0.906912596225
0.900985062916
0.895057529608
0.889129996299
0.88320246299
0.877274929682
0.871347396373
0.865419863064
0.859492329756
0.853564796447
0.847637263138
0.84170972983
0.835782196521
0.829854663212
0.823927129904
0.817999596595
0.812072063286
0.806144529978
0.800216996669
0.79428946336
0.788361930052
0.782434396743
0.776506863434
0.770579330126
0.764651796817
0.758724263508
0.7527967302
0.746869196891
0.740941663582
0.735014130274
0.729086596965
0.723159063657
0.717231530348
0.711303997039
0.705376463731
0.699448930422
0.693521397113
0.687593863805
0.681666330496
0.675738797187
0.669811263879
0.66388373057
0.657956197261
0.652028663953
0.646101130644
0.640173597335
0.634246064027
0.628318530718
0.622390997409
0.616463464101
0.610535930792
0.604608397483
0.598680864175
0.592753330866
0.586825797557
0.580898264249
0.57497073094
0.569043197631
0.563115664323
0.557188131014
0.551260597705
0.545333064397
0.539405531088
0.533477997779
0.527550464471
0.521622931162
0.515695397853
0.509767864545
0.503840331236
0.497912797927
0.491985264619
0.48605773131
0.480130198001
0.474202664693
0.468275131384
0.462347598075
0.456420064767
0.450492531458
0.444564998149
0.438637464841
0.432709931532
0.426782398224
0.420854864915
0.414927331606
0.408999798298
0.403072264989
0.39714473168
0.391217198372
0.385289665063
0.379362131754
0.373434598446
0.367507065137
0.361579531828
0.35565199852
0.349724465211
0.343796931902
0.337869398594
0.331941865285
0.326014331976
0.320086798668
0.314159265359
0.30823173205
0.302304198742
0.296376665433
0.290449132124
0.284521598816
0.278594065507
0.272666532198
0.26673899889
0.260811465581
0.254883932272
0.248956398964
0.243028865655
0.237101332346
0.231173799038
0.225246265729
0.21931873242
0.213391199112
0.207463665803
0.201536132494
0.195608599186
0.189681065877
0.183753532568
0.17782599926
0.171898465951
0.165970932642
0.160043399334
0.154115866025
0.148188332716
0.142260799408
0.136333266099
0.130405732791
0.124478199482
0.118550666173
0.112623132865
0.106695599556
0.100768066247
0.0948405329386
0.0889129996299
0.0829854663212
0.0772623307129
0.0717435928048
0.0664292525971
0.0613193100896
0.0564137652824
0.0517126181756
0.047215868769
0.0429235170627
0.0388355630567
0.0349520067511
0.0312728481457
0.0277980872406
0.0245277240358
0.0214617585314
0.0186001907272
0.0159430206233
0.0134902482197
0.0112418735164
0.00919789651344
0.00735831721075
0.00572313560836
0.00429235170627
0.00306596550448
0.00204397700299
0.00122638620179
0.000613193100896
0.000204397700299
7.01960955574e-18
7.01960955574e-18
7.01960955574e-18
7.01960955574e-18
7.01960955574e-18
7.01960955574e-18
7.01960955574e-18
7.01960955574e-18
7.01960955574e-18
7.01960955574e-18
7.01960955574e-18
7.01960955574e-18
7.01960955574e-18
7.01960955574e-18
7.01960955574e-18
7.01960955574e-18
7.01960955574e-18
7.01960955574e-18
7.01960955574e-18
7.01960955574e-18
7.01960955574e-18
7.01960955574e-18
7.01960955574e-18
7.01960955574e-18
7.01960955574e-18
7.01960955574e-18
7.01960955574e-18
7.01960955574e-18
7.01960955574e-18
7.01960955574e-18
7.01960955574e-18
7.01960955574e-18
7.01960955574e-18
7.01960955574e-18
7.01960955574e-18
7.01960955574e-18
7.01960955574e-18
7.01960955574e-18
7.01960955574e-18
7.01960955574e-18
7.01960955574e-18
7.01960955574e-18
7.01960955574e-18
7.01960955574e-18
7.01960955574e-18
7.01960955574e-18
7.01960955574e-18
7.01960955574e-18
7.01960955574e-18
7.01960955574e-18
7.01960955574e-18
7.01960955574e-18
7.01960955574e-18
7.01960955574e-18
7.01960955574e-18
7.01960955574e-18
7.01960955574e-18
7.01960955574e-18
7.01960955574e-18
7.01960955574e-18
7.01960955574e-18
7.01960955574e-18
7.01960955574e-18
7.01960955574e-18
7.01960955574e-18
7.01960955574e-18
7.01960955574e-18
7.01960955574e-18
7.01960955574e-18
7.01960955574e-18
7.01960955574e-18
7.01960955574e-18
7.01960955574e-18
7.01960955574e-18
7.01960955574e-18
7.01960955574e-18
7.01960955574e-18
7.01960955574e-18
7.01960955574e-18
7.01960955574e-18
7.01960955574e-18
7.01960955574e-18
7.01960955574e-18
7.01960955574e-18
7.01960955574e-18
7.01960955574e-18
7.01960955574e-18
7.01960955574e-18
7.01960955574e-18
7.01960955574e-18
7.01960955574e-18
7.01960955574e-18
7.01960955574e-18
7.01960955574e-18
7.01960955574e-18
7.01960955574e-18
7.01960955574e-18
7.01960955574e-18
7.01960955574e-18
7.01960955574e-18
7.01960955574e-18
7.01960955574e-18
7.01960955574e-18
7.01960955574e-18
7.01960955574e-18
7.01960955574e-18
7.01960955574e-18
7.01960955574e-18
7.01960955574e-18
7.01960955574e-18
7.01960955574e-18
7.01960955574e-18
7.01960955574e-18
7.01960955574e-18
7.01960955574e-18
7.01960955574e-18
7.01960955574e-18
7.01960955574e-18
7.01960955574e-18
7.01960955574e-18
7.01960955574e-18
7.01960955574e-18
7.01960955574e-18
7.01960955574e-18
7.01960955574e-18
7.01960955574e-18
7.01960955574e-18
7.01960955574e-18
7.01960955574e-18
7.01960955574e-18
7.01960955574e-18
7.01960955574e-18
7.01960955574e-18
7.01960955574e-18
7.01960955574e-18
7.01960955574e-18
7.01960955574e-18
7.01960955574e-18
7.01960955574e-18
7.01960955574e-18
7.01960955574e-18
7.01960955574e-18
7.01960955574e-18
7.01960955574e-18
7.01960955574e-18
7.01960955574e-18
7.01960955574e-18
7.01960955574e-18
7.01960955574e-18
7.01960955574e-18
7.01960955574e-18
7.01960955574e-18
7.01960955574e-18
7.01960955574e-18
7.01960955574e-18
7.01960955574e-18
7.01960955574e-18
7.01960955574e-18
7.01960955574e-18
7.01960955574e-18
7.01960955574e-18
7.01960955574e-18
7.01960955574e-18
7.01960955574e-18
7.01960955574e-18
7.01960955574e-18
7.01960955574e-18
7.01960955574e-18
7.01960955574e-18
7.01960955574e-18
7.01960955574e-18
7.01960955574e-18
7.01960955574e-18
7.01960955574e-18
7.01960955574e-18
7.01960955574e-18
7.01960955574e-18
7.01960955574e-18
7.01960955574e-18
7.01960955574e-18
7.01960955574e-18
7.01960955574e-18
7.01960955574e-18
7.01960955574e-18
7.01960955574e-18
7.01960955574e-18
7.01960955574e-18
7.01960955574e-18
7.01960955574e-18
7.01960955574e-18
7.01960955574e-18
7.01960955574e-18
